year,month,white_elo
2011,1,1296.0
2011,2,1183.0
2011,3,1314.0
2011,4,1295.0
2011,5,1200.0
2011,6,1069.5
2011,7,1297.5
2011,8,1407.0
2011,9,1367.0
2011,10,1239.5
2011,11,1123.5
2011,12,1184.5
2018,1,1061.0
2018,2,1118.0
2018,3,1119.0
2018,4,1217.0
2018,5,1084.0
2018,6,1148.0
2018,7,1126.5
2018,8,1113.0
2018,9,1206.0
2018,10,1135.5
2018,11,1101.5
2018,12,1224.0
2016,1,1424.0
2016,2,1372.5
2016,3,1170.0
2016,4,1101.0
2016,5,1508.0
2016,6,1509.0
2016,7,1296.0
2016,8,1218.0
2016,9,1305.0
2016,10,1326.0
2016,11,1194.5
2016,12,1408.0
2020,1,1191.0
2020,2,1064.0
2020,3,1234.5
2020,4,1007.5
2020,5,1138.0
2020,6,982.0
2020,7,1049.0
2020,8,923.0
2020,9,1001.0
2020,10,922.5
2020,11,870.0
2020,12,1060.0
2021,1,917.5
2021,2,970.5
2021,3,974.0
2021,4,1016.0
2021,5,705.0
2021,6,1020.5
2021,7,1132.5
2021,8,960.0
2021,9,925.0
2021,10,922.0
2021,11,906.0
2021,12,827.0
2012,1,1200.0
2012,2,1259.0
2012,3,1385.5
2012,4,1401.0
2012,5,1366.0
2012,6,1431.0
2012,7,1527.5
2012,8,980.0
2012,9,1380.0
2012,10,1503.0
2012,11,1362.0
2012,12,1178.0
2013,1,1137.0
2013,2,1136.0
2013,3,1337.0
2013,4,1405.0
2013,5,1296.0
2013,6,1108.0
2013,7,1186.0
2013,8,1190.5
2013,9,1275.0
2013,10,1423.0
2013,11,1291.5
2013,12,1341.5
2014,1,1488.5
2014,2,1348.0
2014,3,1388.0
2014,4,1176.0
2014,5,1315.0
2014,6,1055.5
2014,7,1099.0
2014,8,1256.0
2014,9,1265.0
2014,10,1154.5
2014,11,1339.0
2014,12,1461.0
2023,1,1496.0
2022,1,899.5
2022,2,650.5
2022,3,899.0
2022,4,747.0
2022,5,797.0
2022,6,727.0
2022,7,851.5
2022,8,742.0
2022,9,830.0
2022,10,802.0
2022,11,1061.0
2022,12,1001.0
2009,10,1096.0
2009,11,1152.0
2009,12,1243.0
2010,1,1521.0
2010,2,1115.0
2010,3,998.0
2010,4,1086.5
2010,5,1137.0
2010,6,1219.0
2010,7,1153.0
2010,8,1131.0
2010,9,1174.5
2010,10,1409.0
2010,11,1344.0
2010,12,891.0
2017,1,1328.5
2017,2,1313.5
2017,3,1271.0
2017,4,1278.0
2017,5,1328.5
2017,6,1200.5
2017,7,1053.0
2017,8,1261.5
2017,9,1196.0
2017,10,1160.0
2017,11,1143.0
2017,12,1129.5
2019,1,1142.5
2019,2,1060.0
2019,3,1188.5
2019,4,1340.0
2019,5,871.0
2019,6,1186.5
2019,7,1206.0
2019,8,1000.0
2019,9,1046.0
2019,10,1039.5
2019,11,1070.5
2019,12,1200.0
2015,1,1548.0
2015,2,1558.0
2015,3,1415.0
2015,4,1500.0
2015,5,1326.0
2015,6,1347.0
2015,7,1075.0
2015,8,1523.5
2015,9,1397.0
2015,10,1374.0
2015,11,1480.0
2015,12,1119.0
