year,month,white_elo
2011,12,1802.0
2018,1,1658.0
2018,2,1562.5
2018,3,1326.0
2018,4,1389.0
2018,5,1447.5
2018,6,1370.0
2018,7,1513.0
2018,8,1161.0
2018,9,1268.0
2018,10,1433.5
2018,11,1497.5
2018,12,1538.0
2016,1,1475.0
2016,2,1239.0
2016,3,1449.0
2016,4,1375.5
2016,5,1525.0
2016,7,1233.0
2016,8,1130.0
2016,9,1210.0
2016,10,1348.0
2016,11,1239.0
2016,12,1332.0
2020,1,1199.0
2020,2,1444.0
2020,3,1399.0
2020,4,1326.0
2020,5,1317.0
2020,6,1229.5
2020,7,1350.0
2020,8,1154.0
2020,9,1304.0
2020,10,1328.0
2020,11,1267.0
2020,12,1258.0
2021,1,1033.5
2021,2,1182.5
2021,3,1115.0
2021,4,1237.5
2021,5,1404.5
2021,6,1104.0
2021,7,1197.0
2021,8,1050.0
2021,9,1107.5
2021,10,1428.0
2021,11,1179.0
2021,12,1143.5
2012,2,1774.0
2013,12,1568.0
2014,1,1548.0
2014,8,1389.5
2014,9,1362.5
2014,11,1219.0
2023,1,1215.5
2022,1,1169.0
2022,2,1302.0
2022,3,1376.0
2022,4,1121.0
2022,5,1170.0
2022,6,1221.0
2022,7,1289.0
2022,8,980.5
2022,9,991.5
2022,10,1117.5
2022,11,1004.0
2022,12,762.5
2009,10,1382.0
2009,11,1387.5
2010,2,1353.5
2010,3,1672.0
2010,5,1419.0
2010,7,1557.0
2010,9,1230.0
2010,10,1211.5
2017,1,1311.5
2017,2,1603.0
2017,3,1315.0
2017,4,1189.0
2017,5,1268.5
2017,6,1448.0
2017,7,1303.0
2017,8,1520.0
2017,9,1408.5
2017,10,1532.0
2017,11,1672.0
2017,12,1510.0
2019,1,1757.5
2019,2,1696.0
2019,3,1429.0
2019,4,1176.0
2019,5,1084.0
2019,6,1292.0
2019,7,1424.0
2019,8,1392.0
2019,9,1301.5
2019,10,1293.5
2019,11,1281.5
2019,12,1494.5
2015,1,1631.0
2015,2,1036.0
2015,3,1461.0
2015,4,1650.0
2015,5,1442.0
2015,6,1802.0
2015,7,1331.5
2015,8,1477.0
2015,9,1595.0
2015,10,1413.0
2015,11,1642.0
2015,12,1264.0
