year,month,white_elo
2011,6,1500.0
2011,10,1182.5
2019,2,1209.5
2019,4,1259.5
2019,5,493.0
2019,7,908.0
2019,10,1454.0
2019,11,1014.0
2022,1,1259.0
2022,2,800.0
2022,3,1218.0
2022,4,1192.5
2022,5,887.0
2022,6,1247.0
2022,7,779.0
2022,8,723.0
2022,9,719.0
2022,10,929.0
2022,11,443.0
2022,12,586.0
2023,1,780.0
2018,3,1289.5
2018,4,923.0
2018,8,1239.0
2012,6,1306.5
2015,3,1853.0
2015,4,1026.0
2015,10,1390.5
2017,6,1073.0
2009,11,1208.0
2009,12,1683.0
2010,5,1013.0
2010,9,845.5
2010,11,1098.5
2010,12,1112.0
2014,6,1226.0
2014,8,1419.0
2021,1,736.0
2021,2,909.0
2021,3,894.0
2021,4,754.0
2021,5,847.0
2021,6,472.5
2021,7,833.5
2021,8,839.0
2021,9,443.0
2021,10,1328.5
2021,11,700.0
2021,12,806.0
2020,1,788.0
2020,4,1001.5
2020,5,829.0
2020,6,1229.0
2020,7,1187.0
2020,8,809.0
2020,9,602.0
2020,10,898.0
2020,11,952.0
2020,12,1418.0
