year,month,white_elo
2011,1,1644.5
2011,3,843.0
2011,4,1679.5
2011,5,1449.0
2011,6,1664.0
2011,8,1531.0
2011,9,1258.0
2011,10,1370.5
2011,11,1334.0
2011,12,1351.0
2018,1,1158.0
2018,2,1392.0
2018,3,1556.0
2018,4,1395.0
2018,5,1304.0
2018,6,1225.0
2018,7,1349.0
2018,8,1560.0
2018,9,1171.0
2018,10,1054.0
2018,11,1327.0
2018,12,1474.0
2016,1,1466.0
2016,2,1191.0
2016,3,1435.0
2016,4,1417.0
2016,5,1554.5
2016,6,1474.5
2016,7,1393.0
2016,8,1330.0
2016,9,1643.0
2016,10,1188.5
2016,11,1395.0
2016,12,1552.0
2020,1,1049.0
2020,2,1264.0
2020,3,1401.5
2020,4,1285.5
2020,5,1240.0
2020,6,1064.0
2020,7,1092.0
2020,8,1083.5
2020,9,1094.5
2020,10,1434.0
2020,11,1186.5
2020,12,925.0
2021,1,1059.5
2021,2,1161.0
2021,3,1050.0
2021,4,1142.5
2021,5,1222.0
2021,6,892.0
2021,7,1011.0
2021,8,996.5
2021,9,935.0
2021,10,1110.0
2021,11,1094.0
2021,12,1141.5
2012,1,1415.5
2012,2,1510.0
2012,3,1360.5
2012,4,1623.5
2012,5,1634.0
2012,6,1422.0
2012,7,1380.5
2012,8,1458.0
2012,9,1566.0
2012,10,1467.0
2012,11,1357.5
2012,12,1333.0
2013,1,1453.0
2013,2,1468.5
2013,3,1338.0
2013,4,1038.0
2013,5,1204.0
2013,6,1174.5
2013,7,1102.5
2013,8,1339.0
2013,9,1367.0
2013,10,1323.5
2013,11,1547.0
2013,12,895.5
2014,1,1418.0
2014,2,1122.0
2014,3,1388.5
2014,4,1321.0
2014,5,1207.0
2014,6,1244.0
2014,7,1187.0
2014,8,1312.0
2014,9,1405.0
2014,10,1158.0
2014,11,1317.0
2014,12,1385.0
2023,1,855.0
2022,1,1086.0
2022,2,1039.5
2022,3,1044.0
2022,4,939.5
2022,5,926.0
2022,6,1040.0
2022,7,859.5
2022,8,895.0
2022,9,852.0
2022,10,701.0
2022,11,740.0
2022,12,714.0
2009,10,1390.5
2009,11,1425.0
2009,12,1515.0
2010,3,1576.5
2010,4,1355.0
2010,5,1418.0
2010,6,1337.0
2010,7,1427.0
2010,8,1343.0
2010,9,1519.0
2010,10,1412.0
2010,11,1273.0
2010,12,1271.0
2017,1,1371.0
2017,2,1452.0
2017,3,1360.0
2017,4,1498.0
2017,5,1438.0
2017,6,1183.0
2017,7,1428.5
2017,8,1529.5
2017,9,1174.0
2017,10,1253.0
2017,11,1495.0
2017,12,1200.0
2019,1,1420.0
2019,2,1346.5
2019,3,1335.5
2019,4,1436.0
2019,5,1438.5
2019,6,1321.0
2019,7,1240.0
2019,8,1142.5
2019,9,1379.0
2019,10,1394.0
2019,11,1027.0
2019,12,1286.5
2015,1,1522.5
2015,2,1321.5
2015,3,1540.0
2015,4,1475.5
2015,5,1397.0
2015,6,1516.0
2015,7,1245.0
2015,8,957.0
2015,9,1624.0
2015,10,1234.0
2015,11,1221.0
2015,12,1534.0
