year,month,white_elo
2011,1,1402.0
2011,2,1248.0
2011,3,1404.5
2011,4,1267.0
2011,5,1346.5
2011,6,1396.0
2011,7,1581.0
2011,8,1347.0
2011,9,1429.5
2011,10,1394.0
2011,11,1475.0
2011,12,1501.0
2018,1,1287.5
2018,2,1322.5
2018,3,1162.0
2018,4,1285.0
2018,5,1033.5
2018,6,1173.0
2018,7,1333.0
2018,8,1300.0
2018,9,1286.5
2018,10,1278.0
2018,11,1173.0
2018,12,1073.0
2016,1,1334.0
2016,2,1385.0
2016,3,1385.0
2016,4,1455.0
2016,5,1374.0
2016,6,1430.0
2016,7,1402.0
2016,8,1365.5
2016,9,1509.0
2016,10,1172.0
2016,11,1291.0
2016,12,1273.0
2020,1,1031.0
2020,2,1298.5
2020,3,1244.0
2020,4,1193.5
2020,5,1093.0
2020,6,1021.0
2020,7,973.0
2020,8,1055.0
2020,9,924.0
2020,10,1041.0
2020,11,998.0
2020,12,915.0
2021,1,921.0
2021,2,960.0
2021,3,959.0
2021,4,1051.5
2021,5,885.0
2021,6,908.0
2021,7,1012.0
2021,8,1084.5
2021,9,927.0
2021,10,1183.5
2021,11,1111.5
2021,12,900.0
2012,1,1371.0
2012,2,1429.0
2012,3,1150.0
2012,4,1214.0
2012,5,1664.0
2012,6,1174.0
2012,7,1424.0
2012,8,1409.0
2012,9,1317.0
2012,10,1306.0
2012,11,1223.5
2012,12,1349.5
2013,1,1266.5
2013,2,1357.0
2013,3,1438.0
2013,4,1453.0
2013,5,1332.0
2013,6,1284.0
2013,7,1295.0
2013,8,1386.0
2013,9,1301.0
2013,10,1367.0
2013,11,1055.0
2013,12,1151.0
2014,1,1366.0
2014,2,1323.0
2014,3,1424.0
2014,4,1225.0
2014,5,1234.0
2014,6,1141.5
2014,7,1167.0
2014,8,1303.5
2014,9,1037.0
2014,10,1141.0
2014,11,1273.0
2014,12,1268.0
2023,1,832.0
2022,1,895.0
2022,2,805.0
2022,3,896.0
2022,4,910.0
2022,5,854.0
2022,6,825.0
2022,7,766.5
2022,8,710.0
2022,9,687.0
2022,10,632.0
2022,11,599.0
2022,12,615.0
2009,10,1529.0
2009,11,1410.5
2009,12,1578.0
2010,1,1691.0
2010,2,1349.0
2010,3,1387.0
2010,4,1196.0
2010,5,1253.0
2010,6,1254.5
2010,7,1282.0
2010,8,1239.0
2010,9,1108.5
2010,10,1380.5
2010,11,1452.5
2010,12,1349.0
2017,1,1221.0
2017,2,1341.0
2017,3,1273.0
2017,4,1250.0
2017,5,1215.0
2017,6,1329.5
2017,7,997.5
2017,8,1370.0
2017,9,1439.0
2017,10,1170.0
2017,11,1172.0
2017,12,1218.5
2019,1,1106.5
2019,2,1208.0
2019,3,1341.0
2019,4,1167.5
2019,5,1205.0
2019,6,1331.0
2019,7,1203.0
2019,8,1218.0
2019,9,993.5
2019,10,1210.0
2019,11,994.0
2019,12,1078.0
2015,1,1391.0
2015,2,1351.0
2015,3,1357.0
2015,4,1399.0
2015,5,1604.0
2015,6,1188.0
2015,7,1313.0
2015,8,1335.0
2015,9,1359.0
2015,10,1363.0
2015,11,1257.5
2015,12,1295.0
