year,month,white_elo
2011,1,1256.5
2011,2,1297.0
2011,3,1200.0
2011,4,1381.0
2011,5,1217.0
2011,6,1004.0
2011,7,1012.0
2011,8,1238.0
2011,9,1258.0
2011,10,1182.0
2011,11,1284.0
2011,12,1364.0
2018,1,1107.0
2018,2,1093.0
2018,3,1074.0
2018,4,1094.5
2018,5,1130.0
2018,6,1032.0
2018,7,1108.0
2018,8,1009.0
2018,9,1123.0
2018,10,1108.5
2018,11,1099.0
2018,12,1045.0
2016,1,1163.0
2016,2,1199.0
2016,3,1182.0
2016,4,1184.5
2016,5,1211.0
2016,6,1277.0
2016,7,1117.5
2016,8,1107.0
2016,9,1185.5
2016,10,1072.5
2016,11,1123.0
2016,12,1214.5
2020,1,1020.0
2020,2,979.0
2020,3,1034.0
2020,4,1026.0
2020,5,925.5
2020,6,811.0
2020,7,863.0
2020,8,830.0
2020,9,920.0
2020,10,873.0
2020,11,857.0
2020,12,921.0
2021,1,880.0
2021,2,894.0
2021,3,888.0
2021,4,815.0
2021,5,752.0
2021,6,761.0
2021,7,741.0
2021,8,748.5
2021,9,742.0
2021,10,785.0
2021,11,733.0
2021,12,720.0
2012,1,1301.5
2012,2,1264.0
2012,3,1368.5
2012,4,1210.0
2012,5,1334.0
2012,6,1266.5
2012,7,1340.0
2012,8,1291.0
2012,9,1262.0
2012,10,1243.0
2012,11,1176.0
2012,12,1145.5
2013,1,1145.0
2013,2,1230.5
2013,3,1163.5
2013,4,1261.0
2013,5,1221.5
2013,6,1155.0
2013,7,1313.0
2013,8,1051.0
2013,9,1182.5
2013,10,1192.0
2013,11,1102.0
2013,12,1096.0
2014,1,1203.0
2014,2,1092.0
2014,3,1168.0
2014,4,1319.0
2014,5,1218.0
2014,6,1203.0
2014,7,1186.0
2014,8,1258.0
2014,9,1174.0
2014,10,1231.0
2014,11,1072.0
2014,12,1081.0
2023,1,751.0
2022,1,709.0
2022,2,720.0
2022,3,697.0
2022,4,643.0
2022,5,649.0
2022,6,671.0
2022,7,682.0
2022,8,588.0
2022,9,604.0
2022,10,614.0
2022,11,786.5
2022,12,795.0
2009,10,1279.0
2009,11,1213.0
2009,12,1236.0
2010,1,1031.5
2010,2,1385.0
2010,3,1159.0
2010,4,1225.0
2010,5,1216.0
2010,6,1081.0
2010,7,1070.5
2010,8,1204.0
2010,9,1168.0
2010,10,1288.0
2010,11,1213.0
2010,12,1200.0
2017,1,1190.0
2017,2,1142.0
2017,3,1113.0
2017,4,1139.0
2017,5,1163.0
2017,6,1249.0
2017,7,1188.5
2017,8,1057.0
2017,9,1074.0
2017,10,1174.5
2017,11,1113.0
2017,12,1172.0
2019,1,1068.0
2019,2,1062.0
2019,3,1117.0
2019,4,1079.0
2019,5,1194.0
2019,6,1039.5
2019,7,1055.5
2019,8,1131.0
2019,9,1018.0
2019,10,1004.0
2019,11,996.0
2019,12,1031.0
2015,1,1066.0
2015,2,1191.5
2015,3,1195.0
2015,4,1227.5
2015,5,1322.0
2015,6,1207.0
2015,7,1075.0
2015,8,1086.5
2015,9,1132.0
2015,10,1314.0
2015,11,1170.0
2015,12,1308.0
