year,month,white_elo
2011,1,1174.0
2011,2,1361.5
2011,3,1244.0
2011,4,1200.0
2011,5,1301.0
2011,6,1431.0
2011,7,1178.5
2011,8,1174.0
2011,9,1076.0
2011,10,915.0
2011,11,1090.0
2011,12,1236.0
2018,1,1536.0
2018,2,938.5
2018,3,1122.0
2018,4,1056.0
2018,5,1102.0
2018,6,1150.0
2018,7,971.0
2018,8,978.0
2018,9,1046.0
2018,10,908.0
2018,11,1184.0
2018,12,1154.0
2016,1,1075.5
2016,2,811.0
2016,3,1365.0
2016,4,1284.0
2016,5,1344.0
2016,6,1382.0
2016,7,1494.5
2016,8,1155.5
2016,9,1095.0
2016,10,1111.0
2016,11,1206.0
2016,12,1350.5
2020,1,923.0
2020,2,910.0
2020,3,1159.0
2020,4,1170.0
2020,5,960.5
2020,6,893.0
2020,7,973.5
2020,8,895.0
2020,9,826.0
2020,10,1321.0
2020,11,800.0
2020,12,943.0
2021,1,833.0
2021,2,730.5
2021,3,826.0
2021,4,864.0
2021,5,883.0
2021,6,768.0
2021,7,982.0
2021,8,700.0
2021,9,782.5
2021,10,940.0
2021,11,1202.5
2021,12,940.0
2012,1,884.0
2012,2,1029.0
2012,3,1171.0
2012,4,945.0
2012,5,1229.5
2012,6,1537.0
2012,7,1119.5
2012,8,1179.0
2012,9,817.0
2012,10,1196.5
2012,11,1007.0
2012,12,1228.0
2013,1,1254.0
2013,2,1399.5
2013,3,990.0
2013,4,855.0
2013,5,1178.0
2013,6,1183.0
2013,7,1248.0
2013,8,1219.0
2013,9,1319.0
2013,10,1097.5
2013,11,1068.0
2013,12,1013.0
2014,1,1158.0
2014,2,1065.5
2014,3,1434.5
2014,4,1435.0
2014,5,1030.0
2014,6,1143.0
2014,7,1200.0
2014,8,1384.0
2014,9,1141.5
2014,10,1212.0
2014,11,1403.5
2014,12,1170.0
2023,1,629.0
2022,1,956.0
2022,2,853.0
2022,3,798.0
2022,4,688.5
2022,5,795.0
2022,6,930.5
2022,7,681.5
2022,8,693.0
2022,9,717.0
2022,10,710.5
2022,11,686.5
2022,12,1008.0
2009,11,1290.0
2009,12,1546.0
2010,2,1428.0
2010,3,1272.5
2010,4,1109.0
2010,5,1376.0
2010,6,1174.0
2010,7,1072.0
2010,8,1196.0
2010,9,1373.0
2010,10,1281.5
2010,11,1769.0
2010,12,1704.0
2017,1,1123.0
2017,2,1216.0
2017,3,934.5
2017,4,1265.0
2017,5,1135.5
2017,6,972.0
2017,7,926.5
2017,8,1156.0
2017,9,1046.0
2017,10,1357.0
2017,11,1104.0
2017,12,1085.0
2019,1,1068.0
2019,2,1262.0
2019,3,1107.0
2019,4,1026.0
2019,5,1080.0
2019,6,1132.0
2019,7,1287.0
2019,8,1037.0
2019,9,1056.5
2019,10,1090.5
2019,11,931.0
2019,12,963.0
2015,1,1258.0
2015,2,1120.5
2015,3,1041.0
2015,4,998.5
2015,5,1239.5
2015,6,1130.0
2015,7,1329.0
2015,8,1363.0
2015,9,1180.0
2015,10,1321.5
2015,11,947.0
2015,12,1263.0
