year,month,white_elo
2011,1,1426.0
2011,2,1080.0
2011,6,1317.5
2011,8,1062.0
2011,9,1206.5
2011,10,1177.0
2011,11,1161.0
2011,12,1215.5
2018,1,1049.5
2018,2,1257.0
2018,3,1268.0
2018,4,1304.0
2018,5,1339.0
2018,6,958.5
2018,7,1135.0
2018,8,835.5
2018,9,1194.0
2018,10,1393.0
2018,11,1661.0
2018,12,1196.0
2016,1,1084.0
2016,2,1205.0
2016,3,1300.5
2016,4,1303.0
2016,5,1496.0
2016,6,1573.0
2016,7,1038.0
2016,8,1292.0
2016,9,1240.0
2016,10,1556.5
2016,11,1522.0
2016,12,1343.0
2020,1,955.0
2020,2,857.0
2020,3,1366.0
2020,4,1385.5
2020,5,1261.5
2020,6,1102.0
2020,7,1011.0
2020,8,1001.0
2020,9,1085.0
2020,10,1191.5
2020,11,1010.5
2020,12,1101.0
2021,1,1099.5
2021,2,1038.0
2021,3,967.5
2021,4,1065.0
2021,5,1015.0
2021,6,1081.5
2021,7,1001.5
2021,8,946.0
2021,9,970.0
2021,10,1083.0
2021,11,788.0
2021,12,1121.0
2012,1,1216.5
2012,2,1125.0
2012,3,1087.0
2012,4,1146.0
2012,5,1416.0
2012,6,1136.0
2012,7,1140.5
2012,8,1050.0
2012,9,1018.0
2012,10,1016.5
2012,11,1217.0
2012,12,1142.0
2013,1,1330.0
2013,2,1318.5
2013,3,1178.0
2013,4,1109.0
2013,5,1290.5
2013,6,1313.0
2013,7,1220.5
2013,8,809.5
2013,9,1062.0
2013,10,1339.0
2013,11,1042.0
2013,12,1024.0
2014,1,741.0
2014,2,1336.0
2014,3,1361.0
2014,4,1300.0
2014,5,1244.5
2014,6,1132.0
2014,7,964.0
2014,8,1200.0
2014,9,1345.0
2014,10,1133.0
2014,11,1172.5
2014,12,1096.0
2023,1,652.0
2022,1,1140.0
2022,2,1004.0
2022,3,1010.5
2022,4,814.0
2022,5,1279.0
2022,6,864.5
2022,7,897.5
2022,8,853.5
2022,9,758.0
2022,10,1148.0
2022,11,730.0
2022,12,508.5
2009,10,1546.0
2009,11,1338.0
2009,12,2063.5
2010,3,1154.0
2010,4,1142.5
2010,5,1286.0
2010,6,1396.5
2010,7,1236.5
2010,8,1314.0
2010,9,1292.0
2010,10,1109.0
2010,11,1260.0
2010,12,1502.0
2017,1,1090.0
2017,2,1257.0
2017,3,1227.5
2017,4,1015.0
2017,5,1136.5
2017,6,1362.0
2017,7,1110.0
2017,8,1079.0
2017,9,1523.0
2017,10,1258.0
2017,11,752.0
2017,12,1256.0
2019,1,924.0
2019,2,1310.0
2019,3,905.5
2019,4,1157.5
2019,5,1172.0
2019,6,1109.0
2019,7,1310.0
2019,8,1228.5
2019,9,944.0
2019,10,1178.0
2019,11,1057.0
2019,12,777.0
2015,1,1234.0
2015,2,1330.0
2015,3,1185.0
2015,4,1031.0
2015,5,1043.0
2015,6,1259.0
2015,7,1063.0
2015,9,1386.0
2015,11,1200.0
2015,12,1110.5
