year,month,white_elo
2011,1,1273.0
2011,2,1087.0
2011,3,1162.5
2011,5,1401.0
2011,7,1162.0
2011,8,1119.5
2011,9,1183.0
2011,10,1101.0
2011,11,1002.0
2011,12,1190.5
2018,1,1091.0
2018,2,948.0
2018,3,1083.5
2018,4,1066.0
2018,5,1061.0
2018,6,986.0
2018,7,977.0
2018,8,978.0
2018,9,1034.5
2018,10,1023.5
2018,11,1157.0
2018,12,1009.0
2016,1,1352.0
2016,2,1309.0
2016,3,1281.5
2016,4,1278.5
2016,5,1335.0
2016,6,1400.0
2016,7,1281.5
2016,8,1239.0
2016,9,1273.0
2016,10,1340.5
2016,11,1198.5
2016,12,1150.0
2020,1,1098.0
2020,2,1062.0
2020,3,1040.0
2020,4,1000.0
2020,5,932.0
2020,6,1001.0
2020,7,983.0
2020,8,977.0
2020,9,952.0
2020,10,921.0
2020,11,866.0
2020,12,872.0
2021,1,870.5
2021,2,743.0
2021,3,812.0
2021,4,754.0
2021,5,755.0
2021,6,654.0
2021,7,803.0
2021,8,642.0
2021,9,775.0
2021,10,834.0
2021,11,832.0
2021,12,815.5
2012,1,1219.0
2012,2,1254.5
2012,3,1261.0
2012,4,1178.5
2012,5,1090.0
2012,6,1304.0
2012,7,1187.0
2012,8,1129.0
2012,9,1266.0
2012,10,1125.5
2012,11,1157.0
2012,12,1190.0
2013,1,1355.0
2013,2,1287.0
2013,3,1173.0
2013,4,1275.5
2013,5,1179.0
2013,6,1200.0
2013,7,1162.0
2013,8,1190.0
2013,9,1424.0
2013,10,1130.0
2013,11,1141.0
2013,12,1177.5
2014,1,1204.0
2014,2,1241.0
2014,3,1117.5
2014,4,1088.0
2014,5,1106.5
2014,6,1080.5
2014,7,1254.5
2014,8,1297.5
2014,9,1239.5
2014,10,1281.0
2014,11,1108.5
2014,12,1242.0
2023,1,683.0
2022,1,761.5
2022,2,644.0
2022,3,667.5
2022,4,631.5
2022,5,570.0
2022,6,614.5
2022,7,654.0
2022,8,591.0
2022,9,585.0
2022,10,599.0
2022,11,714.0
2022,12,620.5
2009,11,1502.5
2009,12,1467.0
2010,3,1176.0
2010,4,1211.0
2010,5,1138.5
2010,6,1166.0
2010,7,1449.0
2010,8,1137.0
2010,10,1440.0
2010,11,1063.0
2010,12,1189.0
2017,1,1283.5
2017,2,1246.0
2017,3,1119.0
2017,4,1157.0
2017,5,1200.0
2017,6,1064.5
2017,7,1118.5
2017,8,1027.0
2017,9,1116.0
2017,10,1076.0
2017,11,1105.0
2017,12,1039.0
2019,1,922.0
2019,2,1034.0
2019,3,1046.0
2019,4,1041.5
2019,5,961.5
2019,6,1192.5
2019,7,1097.0
2019,8,1085.0
2019,9,1046.0
2019,10,999.0
2019,11,1059.0
2019,12,1138.0
2015,1,1430.0
2015,2,1418.5
2015,3,1387.0
2015,4,1403.5
2015,5,1385.5
2015,6,1185.0
2015,7,1317.0
2015,8,1275.0
2015,9,1291.0
2015,10,1449.0
2015,11,1246.0
2015,12,1260.0
